#body
hermite
150 300 350 300 1 -100 1 100
hermite
150 300 350 300 1 -1000 1 1000

#head
hermite
150 330 350 330 50 -150 50 150
hermite
150 330 350 330 50 350 50 -350

#face
hermite
170 350 330 350 50 -130 50 130
hermite
170 350 330 350 50 210 50 -215

#eyes
bezier
185 360 210 380 235 360 235 360
bezier
315 360 290 380 265 360 265 360

#arms
hermite
140 280 80 100 -150 -30 30 -100
hermite
140 280 80 100 -1 -100 -30 -80
hermite
360 280 420 100 150 -30 -30 -100
hermite
360 280 420 100 1 -100 30 -80

#icon
circle
290 240 0 20

display
save
eve.png
